tip	date	distance	residual
KC880486_06-05-2010	2010.3424657534247	0.005074575477859251	1.309348406547126E-4
KC880487_11-05-2010	2010.3561643835617	0.003958595392859251	-0.0011358462065126397
KC880484_01-05-2010	2010.3287671232877	0.0028465876494032506	-0.0019462520256303827
KC880485_12-05-2010	2010.358904109589	0.0028465202989362503	-0.0022780814928698213
KC880379_26-04-2010	2010.3150684931506	0.007096926581353251	0.0024548878684905228
KC880482_15-05-2010	2010.3671232876711	0.005875627267453251	6.605448983481891E-4
KC880483_21-05-2010	2010.3835616438357	0.0062427196593532516	8.466761356431037E-4
KC880479_07-04-2010	2010.2630136986302	0.00404739894995325	-2.1596106670697043E-5
KC880480_15-05-2010	2010.3671232876711	0.006243656959953252	0.0010285745908481898
KC880491_01-05-2010	2010.3287671232877	0.009535394752113251	0.004742555077079618
KC880495_23-04-2010	2010.3068493150686	0.007297375495113251	0.0027458173595495128
KC880497_10-05-2010	2010.3534246575343	0.0017415366812462505	-0.003322744725691459
KC880511_18-09-2010	2010.7123287671234	0.012604920079634251	0.003589653463865016
KC880512_21-09-2010	2010.7205479452055	0.012604920079634251	0.0034991728865660255
KC880370_22-11-2010	2010.890410958904	0.012633377809634251	0.001657698685671673
KC880506_08-10-2010	2010.7671232876712	0.004945645457704251	-0.004672825006737946
KC880507_11-11-2010	2010.8602739726027	0.00819318704053425	-0.0024507299666558895
KC880508_24-10-2010	2010.8109589041096	0.008093649897734251	-0.0020073836456477364
KC880365_22-11-2010	2010.890410958904	0.007461414943034251	-0.0035142641809283275
KC880504_15-07-2010	2010.5342465753424	0.004757266754934251	-0.0022975873526345355
KC880505_15-07-2010	2010.5342465753424	0.004757266754934251	-0.0022975873526345355
KC880503_03-05-2010	2010.3342465753424	0.0050159152639342505	1.6275520403225517E-4
KC880470_10-05-2010	2010.3534246575343	0.0028412245810342505	-0.002223056825903459
KC880489_21-04-2010	2010.3013698630136	0.0017418729524742503	-0.0027493647982211257
KC880490_03-04-2010	2010.2520547945205	0.0017416201885022504	-0.002206734098384973
KC880371_12-08-2010	2010.6109589041096	0.011459865359763252	0.0035605258640480555
KC880447_12-08-2010	2010.6109589041096	0.00816480616976325	2.6546667404805414E-4
KC880380_08-06-2010	2010.4328767123288	0.004894110073763251	-0.0010448169137550496
KC880372_28-03-2010	2010.2356164383561	0.00585809056066325	0.00209069742837756
KC880514_28-05-2010	2010.4027397260274	0.005021547562363251	-5.856173083826112E-4
KC880373_02-06-2010	2010.4164383561645	0.0062103288021332515	4.523629692164844E-4
KC880513_10-05-2010	2010.3534246575343	0.0038229697371332506	-0.001241311669804459
KC880366_10-04-2010	2010.2712328767122	0.005084979660033251	9.255040261103133E-4
KC880367_10-04-2010	2010.2712328767122	0.005059003761933251	8.995281280103134E-4
KC880466_28-06-2010	2010.4876712328767	0.0038576535890332505	-0.0026844772471615644
KC880374_19-06-2010	2010.4630136986302	0.004069638457753251	-0.002201050646537488
KC880464_09-05-2010	2010.3506849315067	0.0038485115100532503	-0.0011856097044502783
KC880467_26-04-2010	2010.3150684931506	0.0038522951988632505	-7.897435139994778E-4
KC880493_04-05-2010	2010.33698630137	0.004913769743863251	3.044949152707435E-5
KC880369_10-04-2010	2010.2712328767122	0.009157659290463251	0.004998183656540313
KC880488_04-04-2010	2010.2547945205479	0.0035861673804632502	-3.923470988581542E-4
KC880368_10-04-2010	2010.2712328767122	0.009956551855463252	0.005797076221540314
KC880471_07-05-2010	2010.345205479452	0.0035418251914632504	-0.0014319756381719162
KC880465_10-05-2010	2010.3534246575343	0.004623956632763251	-4.4032477417445866E-4
KC880463_01-05-2010	2010.3287671232877	0.0026761864072632506	-0.0021166532677703827
KC880492_01-05-2010	2010.3287671232877	0.006028725205363251	0.0012358855303296178
KC880494_05-05-2010	2010.3397260273973	0.004913480277436749	-1.6733360790749385E-10
KC880515_04-08-2010	2010.5890410958905	0.009551961329380852	0.0018939033731355508
KC880518_06-10-2010	2010.7616438356165	0.013991082363404852	0.0044329322838310165
KC880516_04-08-2010	2010.5890410958905	0.009551946322166853	0.0018938883659215516
KC880517_16-08-2010	2010.6219178082192	0.009551938717840653	0.0015319584523887323
KC880472_08-04-2010	2010.2657534246575	0.0020189996285132506	-0.002080155620541325
KC880473_18-06-2010	2010.4602739726026	0.005502898136213251	-7.376307756433069E-4
KC880519_02-07-2010	2010.4986301369863	0.0066204784062132505	-4.229319971828845E-5
KC880474_12-04-2010	2010.2767123287672	0.00353910786121325	-6.806881575780496E-4
KC880475_31-05-2010	2010.4109589041095	0.0033652400477532504	-0.0023324054002951547
KC880476_05-05-2010	2010.3397260273973	0.0066568758237332505	0.0017433953789628932
KC880477_14-05-2010	2010.3643835616438	0.0036020355194332503	-0.0015828866572376306
KC880478_09-04-2010	2010.268493150685	0.0027019008770332504	-0.0014274145644555063
KC880394_13-03-2010	2010.194520547945	0.0018653973083322503	-0.0014495929374442776
KC880445_16-04-2010	2010.2876712328766	0.005184907465981151	8.444706774566801E-4
KC880448_16-04-2010	2010.2876712328766	0.004095954969981151	-2.444818185433203E-4
KC880446_22-04-2010	2010.304109589041	0.00408263986098115	-4.3875808214840703E-4
KC880392_14-05-2010	2010.3643835616438	0.0018700693005613504	-0.0033148528761095305
KC880388_05-03-2010	2010.172602739726	0.0018691962621844504	-0.0012045124441221822
KC880469_23-04-2010	2010.3068493150686	0.006314968712246452	0.0017634105766827137
KC880449_21-03-2010	2010.2164383561644	0.0029755894751364504	-5.806823101099728E-4
KC880399_24-04-2010	2010.309589041096	0.0029771619746985604	-0.0016045563532993586
KC880386_10-05-2010	2010.3534246575343	0.0029772153512650505	-0.002087066055672659
KC880390_08-04-2010	2010.2657534246575	0.004087354408119612	-1.1800840934963336E-5
KC880398_04-04-2010	2010.2547945205479	0.0018695735180376122	-0.0021089409612837923
KC880384_20-05-2010	2010.3808219178081	0.005199899439629142	-1.659838916468247E-4
KC880393_15-03-2010	2010.2	0.0018694672391451413	-0.0015058433914997486
KC880383_10-04-2010	2010.2712328767122	0.0029772377477911417	-0.001182237886131796
KC880391_03-03-2010	2010.1671232876713	0.002977241194275279	-3.614712716299177E-5
KC880400_20-04-2010	2010.2986301369863	0.0029772428017512996	-0.0014838347565098954
KC880387_12-04-2010	2010.2767123287672	0.0018691446514063743	-0.0023506513673849255
KC880521_03-06-2010	2010.4191780821918	0.007426563842608375	0.001638437817257427
KC880396_12-02-2010	2010.1150684931506	0.0018694978811903745	-5.708467840055626E-4
KC880481_05-04-2010	2010.2575342465752	0.0029772461291043746	-0.0010314285426476582
KC880450_08-04-2010	2010.2657534246575	0.005124582489447094	0.0010254272403925182
KC880451_19-04-2010	2010.295890410959	0.004009193860552093	-4.217235052749206E-4
KC880375_01-02-2010	2010.0849315068492	0.006036149554347094	0.003927567005923595
KC880452_01-03-2010	2010.1616438356164	0.0024980796193470934	-4.549883172228152E-4
KC880453_02-05-2010	2010.331506849315	0.002985563299447094	-0.0018374365680207203
KC880520_12-04-2010	2010.2767123287672	0.006296465777847093	0.0020766697590557937
KC880454_19-04-2010	2010.295890410959	0.005211779238905094	7.808618730780802E-4
KC880500_25-05-2010	2010.3945205479451	0.005211779238905094	-3.049050545382249E-4
KC880437_06-06-2010	2010.427397260274	0.008530917018594092	0.002652310415944154
KC880501_04-05-2010	2010.33698630137	0.005188486969212094	3.0516671687591795E-4
KC880502_06-05-2010	2010.3424657534247	0.006303954283402094	0.0013603136461975557
KC880436_08-05-2010	2010.3479452054794	0.007408206282107093	0.002404245260037746
KC880438_03-05-2010	2010.3342465753424	0.006162969124767093	0.001309809064865098
KC880439_01-05-2010	2010.3287671232877	0.002982801291567094	-0.0018100383834665393
KC880455_13-04-2010	2010.2794520547945	0.0040879701643670935	-1.619860468583872E-4
KC880403_01-04-2010	2010.2465753424658	0.002977250090592094	-9.107838114267674E-4
KC880404_14-04-2010	2010.282191780822	0.005199493316757094	9.193769130974323E-4
KC880397_05-04-2010	2010.2575342465752	0.0018695590339880934	-0.0021391156377639393
KC880407_05-05-2010	2010.3397260273973	0.004067871524302503	-8.456089204678541E-4
KC880421_07-04-2010	2010.2630136986302	0.005182901376302503	0.0011139063196785558
KC880414_15-04-2010	2010.2849315068493	0.005182890202585193	8.726136064913506E-4
KC880415_31-05-2010	2010.4109589041095	0.005182562733993794	-5.150827140546115E-4
KC880416_29-05-2010	2010.4054794520548	0.005182562733993794	-4.547623291862495E-4
KC880418_23-04-2010	2010.3068493150686	0.004070458756375593	-4.810993791881449E-4
KC880406_31-03-2010	2010.2438356164384	0.004070429504484393	2.1255579489615987E-4
KC880422_03-04-2010	2010.2520547945205	0.005191157810796494	0.0012428035239092708
KC880423_09-04-2010	2010.268493150685	0.005191157810796494	0.0010618423693077375
KC880424_25-06-2010	2010.4794520547946	0.007403298884796495	9.516486259042228E-4
KC880408_13-03-2010	2010.194520547945	0.0029605238016104938	-3.5446644416603414E-4
KC880420_09-04-2010	2010.268493150685	0.004069672382316993	-5.964305917176369E-5
KC880417_12-04-2010	2010.2767123287672	0.0029628428527304937	-0.001256953166060806
KC880409_10-03-2010	2010.186301369863	0.0029602030777143937	-2.643065907631439E-4
KC880425_23-05-2010	2010.3890410958904	0.006291337891905394	8.349739833268845E-4
KC880410_30-03-2010	2010.2410958904109	0.0029600564580619937	-8.676570590885058E-4
KC880411_08-04-2010	2010.2657534246575	0.002960005204884994	-0.0011391500441695819
KC880412_13-04-2010	2010.2794520547945	0.0029599783579829938	-0.001289977853242487
KC880419_10-04-2010	2010.2712328767122	0.004065575699974193	-9.389993394874445E-5
KC880413_22-04-2010	2010.304109589041	0.002959957874881394	-0.001561440068248163
KC880428_15-05-2010	2010.3671232876711	0.004080898407157394	-0.0011341839619476678
KC880429_13-05-2010	2010.3616438356164	0.007364884797947394	0.0022101228137071417
KC880427_11-05-2010	2010.3561643835617	0.0040564430605113935	-0.001037998538860497
KC880426_04-04-2010	2010.2547945205479	0.004041437849813393	6.292337049198897E-5
KC880376_01-02-2010	2010.0849315068492	0.006107980345513394	0.003999397797089895
KC880378_09-06-2010	2010.4356164383562	0.010235988258413396	0.004266901078460915
KC880381_04-07-2010	2010.504109589041	0.007489327322413394	7.66235331617046E-4
KC880377_14-05-2010	2010.3643835616438	0.004873994685013394	-3.109274916574872E-4
KC880405_08-04-2010	2010.2657534246575	0.0034996972792133937	-5.99457969841182E-4
KC880382_02-06-2010	2010.4164383561645	0.009677491565113395	0.003919525732196628
KC880498_02-06-2010	2010.4164383561645	0.004345686425113394	-0.0014122794078033733
KC880499_02-06-2010	2010.4164383561645	0.0044114920231133935	-0.0013464738098033736
KC880430_24-04-2010	2010.309589041096	0.0036799977149133936	-9.017206130845254E-4
KC880441_11-05-2010	2010.3561643835617	0.0033766678690533938	-0.0017177737303184968
KC880443_08-05-2010	2010.3479452054794	0.007832326098473393	0.0028283650764040456
KC880442_23-02-2010	2010.145205479452	0.003376507381673394	6.044005997050184E-4
KC880435_03-04-2010	2010.2520547945205	0.004456271580303393	5.079172934161699E-4
KC880440_22-04-2010	2010.304109589041	0.006689639764313394	0.0021682418211838366
KC880444_18-05-2010	2010.3753424657534	0.0037060079334133938	-0.001599555012994211
KC880431_30-03-2010	2010.2410958904109	0.005581559017623394	0.0017538455004728944
KC880432_30-03-2010	2010.2410958904109	0.0033609710393853937	-4.667424777651057E-4
KC880433_21-05-2010	2010.3835616438357	0.009263715707623394	0.0038676721839132466
KC880434_21-05-2010	2010.3835616438357	0.009263715707623394	0.0038676721839132466
KC880460_06-05-2010	2010.3424657534247	0.004103732068750394	-8.399085684541443E-4
KC880461_26-02-2010	2010.1534246575343	0.002991000740258394	1.2841338098747547E-4
KC880468_01-05-2010	2010.3287671232877	0.006302908168557393	0.0015100684935237599
KC880496_05-06-2010	2010.4246575342465	0.006305815331163394	4.573689209476364E-4
KC880462_19-05-2010	2010.3780821917808	0.0051912940153233935	-1.444291235183923E-4
KC880456_24-04-2010	2010.309589041096	0.0029917736931013936	-0.0015899446348965254
KC880458_14-04-2010	2010.282191780822	0.004104494283799393	-1.756221198602687E-4
KC880457_01-05-2010	2010.3287671232877	0.0029917296717073935	-0.0018011100033262398
KC880459_17-05-2010	2010.372602739726	0.006292542998023394	0.00101714024404997
KC880401_18-04-2010	2010.2931506849316	0.004075254920893393	-3.2550225250299256E-4
KC880402_19-04-2010	2010.295890410959	0.0040988956218933935	-3.320217439336205E-4
KC880395_19-04-2010	2010.295890410959	0.0018694269087460931	-0.002561490457080921
KC880389_18-03-2010	2010.2082191780821	0.002977246418438394	-4.885447895054862E-4
KC880385_04-04-2010	2010.2547945205479	0.002977248744158063	-0.0010012657351633415
