> print("Here are the disaster sizes:\n")
[1] "Here are the disaster sizes:\n"
> paste(z3$count, sep = "", collapse = " ")
[1] "0 0 0 0 0 0 0 0 0 0 0 0 0 0 0 0 0 0 0 0 0 0 0 0 0 0 0 0 0 0 0 0 0 0 0 0 0 1 0 0 0 0 0 0 1 1 0 0 0 0 1 1 1 1 0 1 1 2 2 2 1 1 0 1 1 1 1 1 0 6 7 7 7 7 7 6 5 6 6 6 6 6 6 7 7 7 8 7 7 7 9 9 10 10 10 9 9 8 8 8 9 8 8 8 6 6 6 7 6 6 6 1 1 1 2 2 1 1 1 1 1 1 1 1 1 0 0 0 0 0 0 0 0 0 0 1 0 0 0 0 0 0 0 0 0 0 0 0 0 1 0 0 0 0 0 0 0 0 0 0"
> print("Here are the backward-times of the disasters:\n")
[1] "Here are the backward-times of the disasters:\n"
> paste(z3$bwd_times, sep = "", collapse = " ")
[1] "152.833333 151.833333 150.833333 149.833333 148.833333 147.833333 146.833333 145.833333 144.833333 143.833333 142.833333 141.833333 140.833333 139.833333 138.833333 137.833333 136.833333 135.833333 134.833333 133.833333 132.833333 131.833333 130.833333 129.833333 128.833333 127.833333 126.833333 125.833333 124.833333 123.833333 122.833333 121.833333 120.833333 119.833333 118.833333 117.833333 116.833333 115.833333 114.833333 113.833333 112.833333 111.833333 110.833333 109.833333 108.833333 107.833333 106.833333 105.833333 104.833333 103.833333 102.833333 101.833333 100.833333 99.833333 98.833333 97.833333 96.833333 95.833333 94.833333 93.833333 92.833333 91.833333 90.833333 89.833333 88.833333 87.833333 86.833333 85.833333 84.833333 83.833333 82.833333 81.833333 80.833333 79.833333 78.833333 77.833333 76.833333 75.833333 74.833333 73.833333 72.833333 71.833333 70.833333 69.833333 68.833333 67.833333 66.833333 65.833333 64.833333 63.833333 62.833333 61.833333 60.833333 59.833333 58.833333 57.833333 56.833333 55.833333 54.833333 53.833333 52.833333 51.833333 50.833333 49.833333 48.833333 47.833333 46.833333 45.833333 44.833333 43.833333 42.833333 41.833333 40.833333 39.833333 38.833333 37.833333 36.833333 35.833333 34.833333 33.833333 32.833333 31.833333 30.833333 29.833333 28.833333 27.833333 26.833333 25.833333 24.833333 23.833333 22.833333 21.833333 20.833333 19.833333 18.833333 17.833333 16.833333 15.833333 14.833333 13.833333 12.833333 11.833333 10.833333 9.83333300000001 8.83333300000001 7.83333300000001 6.83333300000001 5.83333300000001 4.83333300000001 3.83333300000001 2.83333300000001 1.83333300000001 0.83333300000001 -0.16666699999999 -1.16666699999999 -2.16666699999999 -3.16666699999999 -4.16666699999999 -5.16666699999999 -6.16666699999999"
> print("Here are the backward-times of the history size estimates:\n")
[1] "Here are the backward-times of the history size estimates:\n"
> paste(30 * ( 7:0 ) - 1 / 24, sep = "", collapse = " ")
[1] "209.958333333333 179.958333333333 149.958333333333 119.958333333333 89.9583333333333 59.9583333333333 29.9583333333333 -0.0416666666666667"
> print("Here are the backward-times of the parameter change times:\n")
[1] "Here are the backward-times of the parameter change times:\n"
> paste(c(61.0, 153.0) + 1 / 3, sep = "", collapse = " ")
[1] "61.3333333333333 153.333333333333"
> sink()
